1751002438
2765994203
237795335
481769637
3386731512
3028082104
1233966386
622968513
1934241036
2517768007
1305293426
575868435
2260868767
736344906
2679253047
3917160403
3336225211
438103131
2947385417
2147774176
4213100337
2250434229
2580485449
3620908040
3495968180
1762102942
3043607759
1209285902
118260572
1005437428
3883798120
1725395642
1932326602
4086404118
510777475
3708284635
3587586915
3494497991
868649527
1820952817
748194771
2808119805
1929072028
2463893389
2876746661
2921511122
4111997874
905146575
3579139066
2486990275
2183174686
2647283772
2705930540
724438446
3586446679
1535069689
1921274795
409871267
3274012650
2291362018
2735560223
1218728146
1556049004
3268199301
62597200
3948400321
2327807367
2897914588
1366467369
3548106851
622728799
4203136747
2357472984
349441775
805225949
2248358005
1713612398
1081410201
1030956243
3050173114
157431394
255313734
2441881145
2457528377
3963244627
3468144597
769035812
2101462373
3019695589
1041494764
3092431423
2076539594
133418968
1699200
2503215617
2168106401
2996502452
3209899080
3907790905
1129914914
4151936270
1336672501
3589430990
4246696775
4085035192
1209668301
2174651606
709867092
835364178
3846216283
299121932
2682988250
3976262142
2031655113
1680734458
737182839
1753079923
3420272411
734031609
2618167680
568418069
718645342
2190349941
219438949
1463484960
1966579507
1962454322
1412018682
208739604
1720559913
1102088183
159722858
3956067046
4231899726
379476279
1033686831
2632887467
697007740
3226933595
1321093196
2011086335
382940061
2720615981
1547852807
1841281930
36868669
4115190675
3606658756
3778956441
1069692532
507670461
3950850295
332642658
2819890576
3844599640
850247997
51892403
804928619
3202940888
286252410
574332329
4289148517
634594106
594102677
1957258597
2452228639
3538309351
3721567583
1725272949
691358635
2828347972
271209360
1647404419
104006415
4004027087
3512262395
607336196
476412009
3721714822
2490308702
2118145346
1171575765
571555763
4116102106
3763723767
2772236499
484110466
3003860873
2251648134
111505261
1219305595
4015276274
778448807
2336463897
2863449528
2108868241
2231856103
3406201741
1243830023
1391706290
3052728544
2360461104
4148053429
2618379904
18143526
691427260
935422640
599610435
1981116539
1427891041
3977594685
1739926445
1735737405
2005962890
3884684921
1708855245
3910530675
2409020217
1960650036
1284669163
3212027176
48608497
1062332013
1515045377
3273946292
3106162490
3468589912
3630874902
4167739312
3560621336
3391879866
3477700957
2666234442
1142397017
211781866
1436832224
2572652971
3027161664
1110313287
309745798
1640299512
224143275
2555418020
2541619405
1093364576
4108024066
1832512
2672534091
883078991
1178889822
1616223114
2629382031
2146012257
2809044628
1877882707
1974033234
1819831889
3825987740
1252422227
468378005
2902528667
352271012
2531401978
1579243739
3661788916
3536015825
25141497
1713609487
355673126
3148270037
2219900988
1496844945
1170852319
3931612856
2298254599
3669828075
501128383
4256989495
3492834710
1553852543
3948701594
1226015295
4261788324
2547710039
1038349937
4220014202
3151628870
3420977007
217781404
1801919785
1233258228
3656541172
3512923462
1944336337
1967825944
1481968765
1777958393
3408175647
1145782561
339641861
609524694
890792144
3038108787
2392596048
1780035262
3680126858
2008151508
482613492
1682447608
3469204515
1351674418
3090402337
1441970126
3140985216
311374472
4034259321
2965674953
214464189
528686335
320068543
2602523436
312679364
3690615131
4092609519
55714493
481051320
2840866680
2624845841
912522329
1257751466
2728280889
2827045468
1113155194
4271314109
250731790
4069641142
1251690896
2124652273
4200757205
1937839786
1401902533
818554481
515769832
2544261812
2158705648
3364870985
2255325486
1734475153
3835235215
3027212061
3342260822
511999736
431712848
856184062
986114547
161203069
2263585143
2430752800
3238530912
351961437
3449962256
2423965375
3840817211
2325968570
567538479
99256360
3412919582
2811829329
3168829031
720938769
1124005605
958558664
3175913496
4087803895
3295647796
891546930
2906915455
3146000913
3919623988
4230216344
1913911363
3251521483
1435621100
282339195
3139860238
3846176267
376231441
3623589075
3037937519
2052990503
1745725923
3970782415
2477606377
1159976098
1049233532
3487909660
1100898781
2261369090
1297354455
340331274
41408115
1444306791
961456932
1061399025
1695780709
1139396544
348423397
3478190329
131517521
3647885238
3464655153
3689772653
1495417019
777882432
12348087
545326170
3795406936
275925849
1478097056
2735037201
1764458517
903873851
4236270501
948594894
1326393043
1861750325
3536840866
904446193
2429593493
1059940441
2445363478
2457949796
911923910
268129755
1732531742
809546161
2960390688
1909920032
2652115151
1870225531
3902485293
1608843992
138709312
114939455
870266694
958121512
1912222711
1596084283
4272907803
2493896170
40453355
1553214823
138730900
603598835
2786135624
2372337205
3648158013
1244975959
2899780018
1974737251
1970231168
3379168647
763450959
4148483396
2016158120
4178284252
1130924396
3512683695
3549553129
47878697
3081519173
191804484
3115851375
3889096762
1978673631
2424938678
3164635927
3347154807
3268151301
2705438597
725786122
253782158
1653165638
2026415982
2527898139
1144145943
2817026632
2535065726
2335452912
2831027981
1938651669
2283876080
2272697403
2711639474
526975828
1247953688
1362879155
2365083485
3539767717
3989787023
867341260
3703152677
2159584321
3146314235
1584059965
1334737537
3647386397
1162967519
344192607
2760931299
84450252
3681736416
3573649649
3459095974
2513783042
1183991476
3622204285
2715208454
2997619684
2159252132
2720008420
2733537190
2555205015
2717467828
701791990
218534778
1896175141
1767579221
978444377
2802601134
2746970009
3448512316
4131731030
1868999085
2259507989
1065180713
1241138205
2809063079
4129615158
1200339053
2641428797
367082601
2746142287
3433606625
2583265291
1473363316
2054145714
2134206486
2398917607
2083493924
1194214266
2946154008
23609368
3716988206
1725408517
1862361209
1372164913
791536648
1600340263
3717154579
2079585833
1900706696
140998063
566240162
2296091164
4073926062
2935145209
3643131205
2706911890
1256370770
605975809
436205153
1459543397
2492180818
365857313
315595342
1085453020
1860505043
503022086
2439773941
2126496360
3839340496
878441113
211937796
2114159371
2062926243
1901908065
2586917775
1337760332
1455721903
2411766393
3847095701
2205084163
450184171
1909257611
2080670451
242695341
3334083439
842785855
916283252
2790456913
1732047410
3316035372
1134414218
1769100097
2679219459
238169757
1746763518
714087527
1838623683
4205418638
484126975
753504036
1749313996
2651320609
147705340
4213992066
942205843
1901598213
2385659767
27994900
1344132870
2638524460
1177358297
2126401257
660687004
1705044148
2481069841
770106689
1513845080
3537045777
3209417884
436785177
221409880
1611629796
3338362628
2789991462
3240293565
4268128704
3018203980
1716836652
346358697
1344729610
2230098399
3629228742
1387133529
2632233054
431957167
3651592581
522965701
2983345629
483161772
720522297
906121923
1440209392
862771770
3618880135
3221815906
432864506
2323576644
2965934653
2004230385
2084585368
1009943562
3284899260
2066095323
650967618
2131975994
1696076106
2657769464
1742093413
4187712009
29033519
1841122349
2971403667
2849076146
1379159029
1567490032
3623414703
3200467577
1097943437
1247554371
3301210302
1272698873
571667683
843238262
3342390418
3997550741
1340280422
2155800228
2707040755
3861389523
1974765476
3438687310
1165611082
2456452706
2639335919
1688279831
1297588537
4285704622
13466040
1134751820
930428653
1498053049
79844642
2186153352
4256157485
1775816258
490892131
199123707
2144908217
774153268
1360412323
1270667969
3870591688
3413561586
2280756125
2794183867
3404264508
2831661790
431267705
3301501300
804519430
1392959261
3379237430
4285798103
2135230052
1826631330
592744315
544080677
2925804323
3207459580
1079920688
1476732656
2226869372
2789511729
2404728725
268579382
2327872777
571230468
1140475173
2369084798
293423310
3995054069
2355354775
1585564493
3904142332
1222317412
2492507782
2240798376
3815141154
3118913022
478657174
2760993869
2160841588
1150984865
3401398379
777668265
2305981991
3862152906
3832952038
3612183114
3360146335
2519398052
1972855117
1866559996
2968654001
3123691992
41712790
236487170
1502761362
2417252562
420742734
1096417376
2676612397
274586189
1426115813
2593025555
310579733
3742794300
508233244
223091227
3525365741
2561857397
2706186838
1564591368
3883571401
3588509771
2674362176
3646337797
726436253
2369041230
4088865229
1329043377
205744664
1779162881
487794223
2381095878
2907219802
4109549483
951017955
192062647
1392292073
510353866
520575227
405905510
2509662212
4258621635
2933089750
3334199547
669918642
1213417690
3179574813
1376671133
2135393224
3134549440
2514973251
3874532220
262134742
2198234826
2650762119
824444598
2820376890
1704594904
3688883000
2733454846
2445190014
3669685530
3884873199
1153546652
3579865955
4078943909
2437587239
1362185768
3637500906
1603731615
111934322
3409826479
3511505230
2994968172
4128782133
111984259
887124121
3616885919
2448285327
3605432182
4099446564
44818915
1019839562
3463661587
2034167762
449750761
327759917
2845107944
1134044865
2215600579
2902460529
360741162
295820578
3027656185
3463748781
3164851753
3029965848
338570354
3249658855
3696379029
77552795
42262596
382368097
2161257620
2488978999
3287531741
2264703338
3021269796
4166927758
4287213642
2087051377
2969622260
4110738370
2106004099
550032958
2398566028
1601751880
1271038207
3784888587
283277785
3727175992
3924256781
4171221499
1965999120
3756162173
714237919
440941086
3782461040
3078595527
2514995299
1148015462
554954497
1036288444
1549401082
1859834513
4183973825
3460175020
872863958
143117118
2975632541
1119640566
196940467
1177280859
1402823472
1575834943
43982737
2924286861
2312322347
2971440519
4265136726
109484686
722798405
2533403053
3316026602
179219834
3885005865
982865240
2124719610
3974085386
2829069663
2999200945
2093346982
1997358464
772021732
2097884683
2610301058
2708751174
839865095
3505909014
4217843507
1006557205
1121507941
3317233704
2875205570
2386445807
1235372354
2014408534
2467538393
1036974485
557015313
115744598
1334158209
803386807
155229308
17534993
442325778
1071819705
2213374209
2847257289
2505121932
3459529846
13436441
4195441850
710633443
4067913161
3952529176
3914449176
390852737
1697308628
4107370279
1481645437
4249981922
2786537162
474256026
3633274933
3842987992
1549604729
1517204238
4137120283
3087385461
1988826686
2708113865
3058730775
1692711137
2759743098
4120530040
303549939
1585304110
73982076
2988107060
935222304
2934864484
1818145959
4131902452
1031998293
3265401327
3531489700
2884543634
2300351188
3970067524
3342769220
3166765272
1534166710
4043137315
4214474187
2078352080
4066357580
1825579314
3268227039
2748607181
3718911997
1471986699
3294796530
1834936695
251022130
3229830841
3527869400
519819792
2274986534
1776372448
714129608
3010137266
3311458080
2164505716
2455731379
1912917633
4095835015
1089069990
2818946893
35300341
1910728127
2952885713
1257773000
3012279646
2776602256
3505435037
1194709521
3026929011
3310281518
2294176756
575660324
714487712
717365130
2381839338
1294193149
1577080138
4041500653
4019033142
1539663257
2112812104
3765805353
301241869
2645013210
3108344428
2369524212
1328028380
780670183
3121432225
1866761550
2826996941
28650131
531705840
37590141
3025771316
701658803
4119698335
386983468
3560713106
3587651525
365331661
2053167769
2203712509
3091577287
582951562
351273855
2317097131
3689180311
3210746770
2419858862
1324398150
3826724940
1704517460
2983115679
3995438591
3629988798
286832354
4204559840
1312915724
1745354156
857871061
3586864284
4070511055
1701630172
182798229
397965730
3855584375
2758132574
4062330467
3076605691
4237930236
1899691267
2623343598
624282479
3504066364
1267796558
1876460797
2183542155
2753079427
2102678667
3036066949
3016501439
1501619124
404773748
3135815541
3203516271
555076214
1836924079
3725879941
834790520
560467388
3314590290
389016969
2097363707
3075012448
3704754848
419056482
1311810465
42569734
1353223523
2322989806
2008283852
1335961237
350805467
2780547238
1322545895
2344401606
1392009118
2422932356
287751234
2494516066
4256741103
3990824833
2437043438
2417434201
2027686929
4035719885
2674320908
278894142
3883051995
1645169708
4256158020
1001082611
3715678983
580074018
483467174
1642888800
2981672358
1732448994
1599396781
1615107185
1888328501
858959194
4249207885
3410577976
1309636281
2847446746
3707659931
3814606157
3483489466
595152515
2951326732
3505896487
298810960
4229128011
3372047375
369846785
1095370257
617427652
3741476246
3751373889
3904753765
40482776
964458255
2910207101
1219897791
1734795915
704818016
542303941
227295780
1170711828
3880968321
3547160659
497871826
3776189346
2178969005
1177173567
3530563194
1746664357
1170511105
1848744295
3878724406
2861461404
3857155548
370130396
